datapath = ./input/VCF_M5_N7_80pc
mcmcpath = ./nDemes200-chain1
nIndiv = 60
nSites = 7955
nDemes = 500
diploid = true
numMCMCIter = 5000000
numBurnIter = 1000000
numThinIter = 9999
negBiSize = 10
negBiProb = 0.670000
qVoronoiPr = 0.250000
mrateShape = 0.000500
qrateShape = 0.002000
sigmaShape = 0.001000
qrateScale = 0.500000
mrateScale = 2.000000
sigmaScale = 1.000000
mSeedsProposalS2 = 0.030000
qSeedsProposalS2 = 0.200000
mEffctProposalS2 = 0.800000
qEffctProposalS2 = 0.02000
mrateMuProposalS2 = 0.020000