[General]
Creator=DIVA-GIS
Created=20120619
Title=BIO14

[GeoReference]
Projection=
Datum=
Mapunits=
Columns=514
Rows=463
MinX=3129.33723196881
MaxX=3810.66276803119
MinY=76326.3372319688
MaxY=76940.0604288499
ResolutionX=1.32553606237817
ResolutionY=1.32553606237818

[Data]
DataType=FLT4S
MinValue=-1
MaxValue=501
NoDataValue=-3.4E38
Transparent=0
Units=

[Application]
Opt0=Imported ASCII data from: E:\Mes documents\Work\Publications\In prep papers\Niches Leucocytozoon\V1-V2\Analyses\Cartes_bioclim\BIO14.asc

[ContLegend]
Count=2
Color1=16711680
Value1=-1
Label1=
Color2=255
Value2=501
Label2=

[Legend]
Count=5
Color1=32768
Min1=-1
Max1=99
Label1=-1.0 - 99.0
Color2=65280
Min2=99
Max2=200
Label2=99.0 - 200.0
Color3=65535
Min3=200
Max3=300
Label3=200.0 - 300.0
Color4=38655
Min4=300
Max4=401
Label4=300.0 - 401.0
Color5=255
Min5=401
Max5=501
Label5=401.0 - 501.0
Transparent=0
NoDataColor=0
NoDataLabel=No Data
isContinuous=0
SpacedByColor=0

