[General]
Creator=DIVA-GIS
Created=20120619
Title=BIO18

[GeoReference]
Projection=
Datum=
Mapunits=
Columns=514
Rows=463
MinX=3129.33723196881
MaxX=3810.66276803119
MinY=76326.3372319688
MaxY=76940.0604288499
ResolutionX=1.32553606237817
ResolutionY=1.32553606237818

[Data]
DataType=FLT4S
MinValue=244
MaxValue=3990
NoDataValue=-3.4E38
Transparent=0
Units=

[Application]
Opt0=Imported ASCII data from: E:\Mes documents\Work\Publications\In prep papers\Niches Leucocytozoon\V1-V2\Analyses\Cartes_bioclim\BIO18.asc

[ContLegend]
Count=2
Color1=16711680
Value1=244
Label1=
Color2=255
Value2=3990
Label2=

[Legend]
Count=5
Color1=32768
Min1=244
Max1=993
Label1=244.0 - 993.0
Color2=65280
Min2=993
Max2=1742
Label2=993.0 - 1742.0
Color3=65535
Min3=1742
Max3=2492
Label3=1742.0 - 2492.0
Color4=38655
Min4=2492
Max4=3241
Label4=2492.0 - 3241.0
Color5=255
Min5=3241
Max5=3990
Label5=3241.0 - 3990.0
Transparent=0
NoDataColor=0
NoDataLabel=No Data
isContinuous=0
SpacedByColor=0

