[General]
Creator=DIVA-GIS
Created=20120619
Title=BIO16

[GeoReference]
Projection=
Datum=
Mapunits=
Columns=514
Rows=463
MinX=3129.33723196881
MaxX=3810.66276803119
MinY=76326.3372319688
MaxY=76940.0604288499
ResolutionX=1.32553606237817
ResolutionY=1.32553606237818

[Data]
DataType=FLT4S
MinValue=252
MaxValue=3990
NoDataValue=-3.4E38
Transparent=0
Units=

[Application]
Opt0=Imported ASCII data from: E:\Mes documents\Work\Publications\In prep papers\Niches Leucocytozoon\V1-V2\Analyses\Cartes_bioclim\BIO16.asc

[ContLegend]
Count=2
Color1=16711680
Value1=252
Label1=
Color2=255
Value2=3990
Label2=

[Legend]
Count=5
Color1=32768
Min1=252
Max1=1000
Label1=252.0 - 1000.0
Color2=65280
Min2=1000
Max2=1747
Label2=1000.0 - 1747.0
Color3=65535
Min3=1747
Max3=2495
Label3=1747.0 - 2495.0
Color4=38655
Min4=2495
Max4=3242
Label4=2495.0 - 3242.0
Color5=255
Min5=3242
Max5=3990
Label5=3242.0 - 3990.0
Transparent=0
NoDataColor=0
NoDataLabel=No Data
isContinuous=0
SpacedByColor=0

