[General]
Creator=DIVA-GIS
Created=20120619
Title=BIO3

[GeoReference]
Projection=
Datum=
Mapunits=
Columns=514
Rows=463
MinX=3129.33723196881
MaxX=3810.66276803119
MinY=76326.3372319688
MaxY=76940.0604288499
ResolutionX=1.32553606237817
ResolutionY=1.32553606237818

[Data]
DataType=FLT4S
MinValue=45.1388893127441
MaxValue=67.8571395874023
NoDataValue=-3.4E38
Transparent=0
Units=

[Application]
Opt0=Imported ASCII data from: E:\Mes documents\Work\Publications\In prep papers\Niches Leucocytozoon\V1-V2\Analyses\Cartes_bioclim\BIO3.asc

[ContLegend]
Count=2
Color1=16711680
Value1=45.1388893127441
Label1=
Color2=255
Value2=67.8571395874023
Label2=

[Legend]
Count=5
Color1=32768
Min1=45
Max1=50
Label1=45.0 - 50.0
Color2=65280
Min2=50
Max2=54
Label2=50.0 - 54.0
Color3=65535
Min3=54
Max3=59
Label3=54.0 - 59.0
Color4=38655
Min4=59
Max4=63
Label4=59.0 - 63.0
Color5=255
Min5=63
Max5=68
Label5=63.0 - 68.0
Transparent=0
NoDataColor=0
NoDataLabel=No Data
isContinuous=0
SpacedByColor=0

