[General]
Creator=DIVA-GIS
Created=20120619
Title=BIO4

[GeoReference]
Projection=
Datum=
Mapunits=
Columns=514
Rows=463
MinX=3129.33723196881
MaxX=3810.66276803119
MinY=76326.3372319688
MaxY=76940.0604288499
ResolutionX=1.32553606237817
ResolutionY=1.32553606237818

[Data]
DataType=FLT4S
MinValue=18.8444595336914
MaxValue=29.6059989929199
NoDataValue=-3.4E38
Transparent=0
Units=

[Application]
Opt0=Imported ASCII data from: E:\Mes documents\Work\Publications\In prep papers\Niches Leucocytozoon\V1-V2\Analyses\Cartes_bioclim\BIO4.asc

[ContLegend]
Count=2
Color1=16711680
Value1=18.8444595336914
Label1=
Color2=255
Value2=29.6059989929199
Label2=

[Legend]
Count=5
Color1=32768
Min1=18
Max1=21
Label1=18.0 - 21.0
Color2=65280
Min2=21
Max2=23
Label2=21.0 - 23.0
Color3=65535
Min3=23
Max3=25
Label3=23.0 - 25.0
Color4=38655
Min4=25
Max4=27
Label4=25.0 - 27.0
Color5=255
Min5=27
Max5=30
Label5=27.0 - 30.0
Transparent=0
NoDataColor=0
NoDataLabel=No Data
isContinuous=0
SpacedByColor=0

