[General]
Creator=DIVA-GIS
Created=20120619
Title=BIO5

[GeoReference]
Projection=
Datum=
Mapunits=
Columns=514
Rows=463
MinX=3129.33723196881
MaxX=3810.66276803119
MinY=76326.3372319688
MaxY=76940.0604288499
ResolutionX=1.32553606237817
ResolutionY=1.32553606237818

[Data]
DataType=FLT4S
MinValue=1.70000004768372
MaxValue=3.29999995231628
NoDataValue=-3.4E38
Transparent=0
Units=

[Application]
Opt0=Imported ASCII data from: E:\Mes documents\Work\Publications\In prep papers\Niches Leucocytozoon\V1-V2\Analyses\Cartes_bioclim\BIO5.asc

[ContLegend]
Count=2
Color1=16711680
Value1=1.70000004768372
Label1=
Color2=255
Value2=3.29999995231628
Label2=

[Legend]
Count=5
Color1=32768
Min1=1
Max1=2.02
Label1=1.000 - 2.020
Color2=65280
Min2=2.02
Max2=2.34
Label2=2.020 - 2.340
Color3=65535
Min3=2.34
Max3=2.66
Label3=2.340 - 2.660
Color4=38655
Min4=2.66
Max4=2.98
Label4=2.660 - 2.980
Color5=255
Min5=2.98
Max5=4
Label5=2.980 - 4.000
Transparent=0
NoDataColor=0
NoDataLabel=No Data
isContinuous=0
SpacedByColor=0

