[General]
Creator=DIVA-GIS
Created=20120619
Title=BIO6

[GeoReference]
Projection=
Datum=
Mapunits=
Columns=514
Rows=463
MinX=3129.33723196881
MaxX=3810.66276803119
MinY=76326.3372319688
MaxY=76940.0604288499
ResolutionX=1.32553606237817
ResolutionY=1.32553606237818

[Data]
DataType=FLT4S
MinValue=0.300000011920929
MaxValue=2
NoDataValue=-3.4E38
Transparent=0
Units=

[Application]
Opt0=Imported ASCII data from: E:\Mes documents\Work\Publications\In prep papers\Niches Leucocytozoon\V1-V2\Analyses\Cartes_bioclim\BIO6.asc

[ContLegend]
Count=2
Color1=16711680
Value1=0.300000011920929
Label1=
Color2=255
Value2=2
Label2=

[Legend]
Count=5
Color1=32768
Min1=0
Max1=0.64
Label1=0.000 - 0.640
Color2=65280
Min2=0.64
Max2=0.98
Label2=0.640 - 0.980
Color3=65535
Min3=0.98
Max3=1.32
Label3=0.980 - 1.320
Color4=38655
Min4=1.32
Max4=1.66
Label4=1.320 - 1.660
Color5=255
Min5=1.66
Max5=2
Label5=1.660 - 2.000
Transparent=0
NoDataColor=0
NoDataLabel=No Data
isContinuous=0
SpacedByColor=0

