 0 0.350827953971 0.347501759324 0.334269268567 0.334349748437 0.302763625135 0.357822724569 0.350542299349 0.333148096694 0.298327137546 0.397871711499 0.345913695019 0.334461364918 0.316511085181 0.294233473980 0.380747326018 0.315022888057 0.321053388977 0.347708082027 0.259105387066 0.330390334572 0.322281368821 0.365613221224 0.293141109655 0.379560011139 0.347742413027 0.332181843305 0.349163998577 0.330995373825 0.381883756416 0.305390911657 0.321740439627 0.358930844294 0.346612428111 0.362129144852 0.337733272645 0.300564174894 0.325417766051 0.357872596154 0.414273648649 0.372130559541 0.324147177119 0.356410256410 0.279536253220 0.376058989645 0.363826523497 0.331214689266 0.356568364611 0.329376257545 0.376496534342 0.301290054099 0.366159636193 0.400936599424 0.346931598382 0.355867541584 0.371057513915 0.382913021101 0.331551554368 0.399140440871 0.361779194436
 0.350827953971 0 0.353927267811 0.329772850189 0.341240607043 0.323897497020 0.344951233505 0.361223634586 0.352389878163 0.352539938970 0.383628066172 0.346652412134 0.334461746784 0.348338241481 0.325291406885 0.341000267451 0.319029850746 0.307286606523 0.296877269426 0.322438633938 0.338601461160 0.334116610369 0.362129023269 0.342548414258 0.365382033033 0.370566361556 0.349866666667 0.355990387916 0.349525725783 0.357247828991 0.287537333695 0.327441321356 0.364436259464 0.352885652643 0.357250882205 0.351485873225 0.305751492132 0.351676333286 0.363163221050 0.407580056749 0.371812543074 0.333810888252 0.342830597708 0.347810671867 0.354361605795 0.367842295829 0.286454781067 0.302359033372 0.327057453416 0.415305505142 0.413349416968 0.340823405218 0.393723994452 0.286804613297 0.364653902798 0.384170742552 0.353320118930 0.299080584100 0.411050313626 0.358490566038
 0.347501759324 0.353927267811 0 0.332112332112 0.334021226415 0.239322643489 0.294692938300 0.265237494746 0.348812239968 0.351725377426 0.371000000000 0.227022675433 0.258751696065 0.287180208040 0.341075794621 0.370976394850 0.334224241614 0.251217137293 0.375255027689 0.303277591973 0.239331542823 0.319330199765 0.372907366071 0.320937412293 0.396825396825 0.394461185249 0.341753541834 0.351453638397 0.297694524496 0.392952840300 0.344268989926 0.325966850829 0.362461538462 0.230217773570 0.347855454238 0.349059376837 0.308821530515 0.331775700935 0.372153734590 0.422154471545 0.377371507416 0.370721886684 0.391675726044 0.368045649073 0.406813020439 0.355298547606 0.345948900123 0.405008635579 0.362842166570 0.389496053430 0.376536988510 0.367920253738 0.424511854951 0.357215619694 0.410453270338 0.400936037441 0.405566600398 0.395793758480 0.401606425703 0.397563366475
 0.334269268567 0.329772850189 0.332112332112 0 0.127339719971 0.286439665472 0.298021788991 0.349783307703 0.244203189921 0.353647607098 0.395866001426 0.312039641087 0.292848419053 0.251437386061 0.349539544962 0.378251541968 0.238445097515 0.293815149409 0.374582425563 0.316077384923 0.288143176734 0.246663733685 0.186610878661 0.344126717129 0.369261744966 0.285612128146 0.245061398825 0.337960582691 0.274430671663 0.369553595295 0.344841647411 0.273679615888 0.356836296750 0.321722694748 0.381096535486 0.328879753340 0.138113309840 0.322690025431 0.349768652400 0.419276128508 0.404365011170 0.238375430540 0.360055607044 0.328432240921 0.361534975072 0.347627369270 0.324173581826 0.398119122257 0.325072604066 0.426973087390 0.370941883768 0.356465452356 0.375000000000 0.375446352661 0.351911764706 0.324733096085 0.402970297030 0.366987396666 0.391188251001 0.362264150943
 0.334349748437 0.341240607043 0.334021226415 0.127339719971 0 0.322627737226 0.298045347928 0.358361254950 0.232635861668 0.366433021807 0.386656322731 0.318566015739 0.327736043600 0.256433683569 0.360972017673 0.395997662869 0.241775836972 0.305169286578 0.388880236723 0.329416884247 0.305609597925 0.266538523146 0.258079198908 0.360598729967 0.389976621859 0.317092154421 0.225998547567 0.338152459632 0.277570093458 0.359755209092 0.352949874316 0.287180296811 0.351339285714 0.337736679877 0.367414490622 0.326243403166 0.199055629335 0.329086722947 0.351776807980 0.429048785921 0.390492359932 0.285223367698 0.363484367163 0.343314896052 0.364338537387 0.361042002049 0.338618850030 0.432919254658 0.326597938144 0.396794242722 0.381096900065 0.353066579206 0.384209534577 0.365032918800 0.363723302518 0.364256148040 0.392933618844 0.401858133019 0.397821350763 0.361039355721
 0.302763625135 0.323897497020 0.239322643489 0.286439665472 0.322627737226 0 0.270312993993 0.265709433380 0.311252402780 0.346214511041 0.374075821929 0.223765888265 0.238902219556 0.274922600619 0.322213911743 0.361037037037 0.300177095632 0.194308445532 0.373615792008 0.320212295444 0.218708827404 0.288018061603 0.323162274619 0.347046087225 0.398281226848 0.353300925200 0.309867452135 0.317164880617 0.290865766481 0.353905211871 0.334433113377 0.285668739040 0.333781061115 0.199970242523 0.345063900722 0.310054962819 0.280089820359 0.298114383668 0.348859467220 0.412617030762 0.371194824962 0.307570478302 0.356777929155 0.355572845750 0.380611905554 0.316891992275 0.336642599278 0.382866043614 0.314942035208 0.420047732697 0.361337145371 0.344930913934 0.376063418407 0.362523540490 0.357015119493 0.342815105444 0.367665992275 0.391694054377 0.404505963776 0.355013131469
 0.357822724569 0.344951233505 0.294692938300 0.298021788991 0.298045347928 0.270312993993 0 0.335956057007 0.338441890166 0.379421833397 0.347373188406 0.293056935965 0.280903727155 0.299866330016 0.364106245513 0.349936143040 0.318934995043 0.276796230860 0.370987654321 0.320802713397 0.270142180095 0.327613104524 0.366361488482 0.356887831003 0.372208789646 0.343835201454 0.328284258211 0.327166147646 0.314792176039 0.364242166454 0.334822071748 0.312374788103 0.333986928105 0.295750465016 0.350651669345 0.313939016801 0.294422081656 0.314054540006 0.378075030750 0.403626160155 0.368354658497 0.354220532319 0.348024812276 0.369089889740 0.356166586268 0.345216027378 0.327566320646 0.414574402939 0.334154857260 0.392112856685 0.395695717025 0.346766486142 0.367926267281 0.368876080692 0.345482866044 0.375952380952 0.345741878841 0.406757728253 0.386936809294 0.367331855137
 0.350542299349 0.361223634586 0.265237494746 0.349783307703 0.358361254950 0.265709433380 0.335956057007 0 0.370688461006 0.399480230184 0.420189181200 0.269687759049 0.311151583076 0.311159420290 0.380618960930 0.395377802380 0.335996693759 0.270731707317 0.426293622142 0.342116153952 0.285208012327 0.348195329087 0.387110726644 0.387808417997 0.408579758434 0.380481322900 0.381575323602 0.365347061956 0.316681534344 0.359618837177 0.382055602359 0.321845969434 0.377909437156 0.290255123379 0.372477383438 0.374223837650 0.338940285955 0.347159339857 0.356468295608 0.418360930623 0.442372580359 0.357599168029 0.417679028133 0.398168498168 0.416120985345 0.384732824427 0.372659439673 0.415088757396 0.404503417772 0.463307086614 0.402610857853 0.341410035954 0.388779351138 0.391022268981 0.411728957764 0.401841196778 0.416042234332 0.415498878924 0.433710033076 0.383759572316
 0.333148096694 0.352389878163 0.348812239968 0.244203189921 0.232635861668 0.311252402780 0.338441890166 0.370688461006 0 0.338847385272 0.372037246050 0.328870625663 0.298038161784 0.260911736178 0.326267775691 0.361343422275 0.244706193753 0.319389018852 0.363897259291 0.296940928270 0.345722713864 0.231260894829 0.257213861660 0.313416320885 0.364361702128 0.302124645892 0.203539823009 0.348402447315 0.257605914131 0.392928088995 0.328257647217 0.280247446411 0.365092235962 0.335246995995 0.343213988343 0.344652445218 0.224919527897 0.293854122918 0.374070897656 0.395190380762 0.385585278582 0.279277998863 0.374540441176 0.363221617828 0.348469006721 0.332490350060 0.317066594769 0.400226436456 0.352231373300 0.415865384615 0.365751789976 0.373207885305 0.366506520247 0.351631799163 0.359679767103 0.389510642967 0.394414502695 0.380051013559 0.379310344828 0.361737446396
 0.298327137546 0.352539938970 0.351725377426 0.353647607098 0.366433021807 0.346214511041 0.379421833397 0.399480230184 0.338847385272 0 0.403492301915 0.379586747417 0.367265469062 0.357675111773 0.112612612613 0.383410466358 0.343655454707 0.379742173112 0.382789890025 0.269585253456 0.382462321394 0.351794673871 0.385510996119 0.196362286563 0.402643801358 0.370202306674 0.381415929204 0.406745588564 0.370788667688 0.407328352899 0.335799350415 0.335321277414 0.401911335280 0.397275008964 0.379511562568 0.399306224706 0.334716708769 0.359017308766 0.377423689768 0.446376036373 0.411581983581 0.348237968928 0.388607338334 0.302865261662 0.388524915624 0.408324363114 0.341578755911 0.356210369265 0.340195573855 0.403014676716 0.292097107438 0.377510831036 0.382559456399 0.398637911464 0.379645845495 0.374558303887 0.398034934498 0.377470355731 0.416297608503 0.369573283859
 0.397871711499 0.383628066172 0.371000000000 0.395866001426 0.386656322731 0.374075821929 0.347373188406 0.420189181200 0.372037246050 0.403492301915 0 0.399802008203 0.348337155963 0.357639402455 0.412823075825 0.299237072619 0.388387824126 0.373276620710 0.406010426250 0.355074500984 0.381310755723 0.381980870102 0.400117681671 0.382981861082 0.284542497525 0.413367454463 0.381454903616 0.420471014493 0.381306990881 0.367790156536 0.370481927711 0.394325153374 0.434848484848 0.378239817716 0.300866183489 0.258139176053 0.355120137300 0.364448414471 0.374028349337 0.336322869955 0.282742402315 0.386531783180 0.278526213277 0.395985743763 0.322611464968 0.356302282717 0.305287422562 0.435218978102 0.331083844581 0.429788576838 0.420471437673 0.352352193261 0.409240924092 0.376334519573 0.266718506998 0.447102979123 0.277118939658 0.419525443110 0.180909474870 0.361307420495
 0.345913695019 0.346652412134 0.227022675433 0.312039641087 0.318566015739 0.223765888265 0.293056935965 0.269687759049 0.328870625663 0.379586747417 0.399802008203 0 0.263616850013 0.295359822173 0.359060402685 0.380851345975 0.305944517834 0.207370737074 0.393669064748 0.340242936361 0.202802359882 0.327904609568 0.345484672742 0.357757424369 0.409387049594 0.369211159892 0.347240559810 0.355940846507 0.308130428592 0.393963463066 0.351809498184 0.317972350230 0.363323898099 0.209122432649 0.366438926846 0.345573294630 0.301342281879 0.326659199104 0.390170511535 0.425557564798 0.423116263212 0.334184035162 0.378560490046 0.371749824315 0.413111809609 0.374833732376 0.354973680659 0.386557005105 0.357225211376 0.429259482240 0.396702423520 0.353662182362 0.397217928903 0.398924550496 0.399621212121 0.374559859155 0.411437908497 0.399250234302 0.420190274841 0.394907983949
 0.334461364918 0.334461746784 0.258751696065 0.292848419053 0.327736043600 0.238902219556 0.280903727155 0.311151583076 0.298038161784 0.367265469062 0.348337155963 0.263616850013 0 0.275109170306 0.347071583514 0.343263553408 0.307682030728 0.211090985091 0.361196207148 0.290305302625 0.229503291442 0.293892003541 0.309477215544 0.318226600985 0.372644049542 0.347645031591 0.312859627994 0.325661879218 0.293837494588 0.370439914163 0.304182509506 0.312481773112 0.333470564018 0.246185010128 0.338424983028 0.323798289590 0.281581092095 0.318671963678 0.353966870096 0.405344757242 0.347629796840 0.315455594002 0.357988165680 0.342673567732 0.367046317388 0.310192023634 0.303744043567 0.368800461361 0.351641907740 0.432996013493 0.375202593193 0.348749052312 0.376983435048 0.348425531915 0.357068837898 0.378257963912 0.387385892116 0.375797042464 0.366452131939 0.367779024117
 0.316511085181 0.348338241481 0.287180208040 0.251437386061 0.256433683569 0.274922600619 0.299866330016 0.311159420290 0.260911736178 0.357675111773 0.357639402455 0.295359822173 0.275109170306 0 0.344110205229 0.350319355735 0.247024633269 0.258027357811 0.356564748201 0.288990192015 0.298934033678 0.242419625171 0.269763416042 0.336329370832 0.363092754832 0.341644404868 0.264409122322 0.329699785561 0.281445138269 0.366638912018 0.316605582182 0.284766214178 0.337441563961 0.285974244121 0.317919075145 0.330999847816 0.247612359551 0.313754211220 0.346786248132 0.363789829078 0.345012513407 0.284099360405 0.352685751045 0.345087235996 0.344331508991 0.317586399108 0.305218617772 0.375410325276 0.336742880064 0.400253726610 0.360217300460 0.339637386683 0.377809746448 0.313380281690 0.349473041088 0.365259740260 0.375171232877 0.351010101010 0.375605704001 0.377388535032
 0.294233473980 0.325291406885 0.341075794621 0.349539544962 0.360972017673 0.322213911743 0.364106245513 0.380618960930 0.326267775691 0.112612612613 0.412823075825 0.359060402685 0.347071583514 0.344110205229 0 0.378138847858 0.335607276619 0.340325045145 0.371727748691 0.264407684098 0.365657168432 0.347332743884 0.373882681564 0.137921348315 0.416722677779 0.358625626342 0.374314381271 0.380952380952 0.361895161290 0.392350895961 0.321243523316 0.350675773870 0.391071795927 0.363980530016 0.371322286101 0.374191651969 0.321981004071 0.345423632757 0.374474866000 0.432851029142 0.418975069252 0.341810344828 0.394047434506 0.292756718277 0.383239884831 0.380080753701 0.339363438520 0.326255380201 0.326645890144 0.388752304856 0.282279248333 0.369295859776 0.381466643442 0.389087200408 0.388306511147 0.358888888889 0.378141534392 0.374150584398 0.426282051282 0.391243530564
 0.380747326018 0.341000267451 0.370976394850 0.378251541968 0.395997662869 0.361037037037 0.349936143040 0.395377802380 0.361343422275 0.383410466358 0.299237072619 0.380851345975 0.343263553408 0.350319355735 0.378138847858 0 0.356244206065 0.368239988991 0.366205305652 0.323902696986 0.370512631112 0.347933643772 0.353996962585 0.354861111111 0.285581271615 0.391686764080 0.370345920253 0.416595817038 0.358315488936 0.358125992589 0.325803415356 0.351697353280 0.423978972907 0.360754414125 0.253626813407 0.296075581395 0.323881198764 0.362883994950 0.334673366834 0.334675795409 0.307534947153 0.365357244520 0.267116978815 0.378160112360 0.296379413525 0.308509226072 0.307806390724 0.401019541206 0.331409886517 0.437537537538 0.412844036697 0.347916977751 0.382115219261 0.380312447505 0.302291636257 0.450165016502 0.308107224583 0.364306784661 0.294444444444 0.357212003872
 0.315022888057 0.319029850746 0.334224241614 0.238445097515 0.241775836972 0.300177095632 0.318934995043 0.335996693759 0.244706193753 0.343655454707 0.388387824126 0.305944517834 0.307682030728 0.247024633269 0.335607276619 0.356244206065 0 0.296997120527 0.329406694440 0.304886079284 0.306854957340 0.139251523064 0.247830279653 0.327418907680 0.371852637159 0.279864445072 0.233952814024 0.346983857264 0.232290184922 0.343939794032 0.331410944206 0.218283582090 0.356247472705 0.336978263769 0.356620093147 0.337683050602 0.232016075017 0.304833752445 0.349935594676 0.400000000000 0.389087200408 0.255919466894 0.360771113831 0.313212844359 0.356918943126 0.337705352411 0.307061197041 0.360169491525 0.346316193400 0.404043452022 0.341822522881 0.345177664975 0.355170639684 0.327643908969 0.355303360978 0.351868131868 0.373857702350 0.331952978894 0.399788890355 0.347922131713
 0.321053388977 0.307286606523 0.251217137293 0.293815149409 0.305169286578 0.194308445532 0.276796230860 0.270731707317 0.319389018852 0.379742173112 0.373276620710 0.207370737074 0.211090985091 0.258027357811 0.340325045145 0.368239988991 0.296997120527 0 0.375037280048 0.321085823965 0.182805568304 0.305100045133 0.335098768967 0.346968169379 0.405271146681 0.339941262849 0.311934156379 0.341794465010 0.280603193377 0.356691398736 0.349350467942 0.296285245413 0.338851634535 0.216426193119 0.339625909248 0.318366731957 0.292421287267 0.321583986075 0.334422819789 0.409962484368 0.380648591175 0.326006785662 0.367048346056 0.352192104784 0.393803253292 0.359344894027 0.336926091825 0.370858985635 0.350249750250 0.442577030812 0.384599547046 0.344394479764 0.371382636656 0.355458515284 0.353883348444 0.376140510949 0.383936152148 0.386230876217 0.407645930392 0.353439609364
 0.347708082027 0.296877269426 0.375255027689 0.374582425563 0.388880236723 0.373615792008 0.370987654321 0.426293622142 0.363897259291 0.382789890025 0.406010426250 0.393669064748 0.361196207148 0.356564748201 0.371727748691 0.366205305652 0.329406694440 0.375037280048 0 0.358996415771 0.392103580563 0.329642518190 0.355452366687 0.364864864865 0.368322263933 0.411447915064 0.374784853701 0.402659770964 0.358856088561 0.381274270099 0.294212218650 0.365567880019 0.407341884122 0.401766324019 0.385735080058 0.362000946820 0.327113702624 0.383763277693 0.389188356692 0.431260945709 0.356638155448 0.353322028673 0.378619890783 0.373239436620 0.372469635628 0.381928406467 0.280953077036 0.294461538462 0.379359868691 0.359766005850 0.394115120275 0.391099561475 0.401156284968 0.333996743260 0.380681818182 0.437919463087 0.400493566014 0.254916241806 0.434208638255 0.386151997597
 0.259105387066 0.322438633938 0.303277591973 0.316077384923 0.329416884247 0.320212295444 0.320802713397 0.342116153952 0.296940928270 0.269585253456 0.355074500984 0.340242936361 0.290305302625 0.288990192015 0.264407684098 0.323902696986 0.304886079284 0.321085823965 0.358996415771 0 0.324371970031 0.296274822438 0.332600329852 0.134788012705 0.345096484272 0.323031329382 0.327011721322 0.361972547026 0.314034340854 0.371635883905 0.294164989940 0.327843024921 0.356840620592 0.318405315615 0.331723563697 0.339316734221 0.266942922069 0.340449281429 0.357010412209 0.353692614770 0.375510204082 0.295708823113 0.352267521759 0.300367582706 0.350275748994 0.341056533828 0.310511478051 0.346023688663 0.339792785879 0.363554757630 0.280000000000 0.352565055762 0.363418393561 0.328822055138 0.343259732714 0.350635129216 0.355747313579 0.319165998396 0.356804422216 0.367535512343
 0.330390334572 0.338601461160 0.239331542823 0.288143176734 0.305609597925 0.218708827404 0.270142180095 0.285208012327 0.345722713864 0.382462321394 0.381310755723 0.202802359882 0.229503291442 0.298934033678 0.365657168432 0.370512631112 0.306854957340 0.182805568304 0.392103580563 0.324371970031 0 0.326919967664 0.343865030675 0.358615384615 0.395827167801 0.365221489161 0.343134372243 0.345249294450 0.292395800191 0.388594164456 0.345106255612 0.311257216164 0.348717948718 0.211815348078 0.353760445682 0.326037978758 0.289792258257 0.331571584020 0.349173553719 0.422018348624 0.387601281327 0.328013904250 0.364020270270 0.366562621927 0.379698625600 0.349133461709 0.354392298436 0.371536523929 0.336782094595 0.403377720039 0.378857518056 0.365732293913 0.398630658045 0.358294717331 0.359073984135 0.354675042281 0.392747609598 0.375616315554 0.398086828550 0.373232944069
 0.322281368821 0.334116610369 0.319330199765 0.246663733685 0.266538523146 0.288018061603 0.327613104524 0.348195329087 0.231260894829 0.351794673871 0.381980870102 0.327904609568 0.293892003541 0.242419625171 0.347332743884 0.347933643772 0.139251523064 0.305100045133 0.329642518190 0.296274822438 0.326919967664 0 0.239351220252 0.321770880876 0.361835396941 0.309656453110 0.235958309207 0.359875526268 0.232885276649 0.369322304455 0.324575645756 0.228252320277 0.370386547281 0.324094442000 0.339007605940 0.348109310454 0.237288135593 0.322669523955 0.373783359498 0.378390106314 0.356584821429 0.261485749883 0.375418060201 0.329672447013 0.342745226049 0.351859956236 0.289586727892 0.349042262086 0.365714285714 0.398946675444 0.360327374542 0.367363606664 0.387476635514 0.313452009543 0.374258695304 0.363593268547 0.403687790906 0.354924186663 0.383690614137 0.377632974693
 0.365613221224 0.362129023269 0.372907366071 0.186610878661 0.258079198908 0.323162274619 0.366361488482 0.387110726644 0.257213861660 0.385510996119 0.400117681671 0.345484672742 0.309477215544 0.269763416042 0.373882681564 0.353996962585 0.247830279653 0.335098768967 0.355452366687 0.332600329852 0.343865030675 0.239351220252 0 0.350844277674 0.373462335867 0.318624557261 0.246663915257 0.376857749469 0.314812063586 0.402481047553 0.328061581526 0.318311124420 0.389801938475 0.326658322904 0.387705627706 0.380599273608 0.210408505876 0.362656568599 0.394505002240 0.421041666667 0.393869596031 0.218482432831 0.384701373363 0.351573938507 0.379171193543 0.361649142225 0.317460317460 0.380755608028 0.367841409692 0.466770670827 0.396644573322 0.403045369795 0.404795737123 0.396623738253 0.390902198635 0.367876838235 0.428280427771 0.365669555493 0.408140814081 0.408324931586
 0.293141109655 0.342548414258 0.320937412293 0.344126717129 0.360598729967 0.347046087225 0.356887831003 0.387808417997 0.313416320885 0.196362286563 0.382981861082 0.357757424369 0.318226600985 0.336329370832 0.137921348315 0.354861111111 0.327418907680 0.346968169379 0.364864864865 0.134788012705 0.358615384615 0.321770880876 0.350844277674 0 0.394323083345 0.346808825707 0.360984377160 0.377761938703 0.344252531269 0.397892693747 0.314712935534 0.351885369532 0.388725283971 0.348232993435 0.351427070566 0.365749886036 0.297525309336 0.358042777615 0.382410034344 0.399286613512 0.405097130636 0.325491363907 0.393657911595 0.310597726439 0.377151799687 0.354892667968 0.324777887463 0.351560178306 0.340272217774 0.368371802870 0.298040850354 0.381616035077 0.384974838246 0.357503921910 0.382294682310 0.376728110599 0.383945345858 0.355477528090 0.387997787611 0.392091541136
 0.379560011139 0.365382033033 0.396825396825 0.369261744966 0.389976621859 0.398281226848 0.372208789646 0.408579758434 0.364361702128 0.402643801358 0.284542497525 0.409387049594 0.372644049542 0.363092754832 0.416722677779 0.285581271615 0.371852637159 0.405271146681 0.368322263933 0.345096484272 0.395827167801 0.361835396941 0.373462335867 0.394323083345 0 0.414228912241 0.380529801325 0.417193642112 0.362505362505 0.384013785790 0.364470842333 0.356122890524 0.427062169850 0.386859360364 0.299212598425 0.304741064916 0.354032258065 0.362373737374 0.351774680270 0.329236348982 0.312061591104 0.369171538571 0.288704216682 0.395098730606 0.286057331532 0.334841628959 0.304523970290 0.417678621858 0.331852424184 0.452013321223 0.454236610711 0.347024434118 0.392665628784 0.388447897315 0.298258451632 0.432289369210 0.298669295219 0.412847735519 0.285903726296 0.348459616986
 0.347742413027 0.370566361556 0.394461185249 0.285612128146 0.317092154421 0.353300925200 0.343835201454 0.380481322900 0.302124645892 0.370202306674 0.413367454463 0.369211159892 0.347645031591 0.341644404868 0.358625626342 0.391686764080 0.279864445072 0.339941262849 0.411447915064 0.323031329382 0.365221489161 0.309656453110 0.318624557261 0.346808825707 0.414228912241 0 0.314414795990 0.386129673108 0.318195672051 0.414285714286 0.371420348252 0.304775065254 0.401246507629 0.382966561875 0.385107517327 0.377829457364 0.267078071183 0.362236507699 0.401313779407 0.459604641169 0.448444283647 0.282654921021 0.375468317316 0.355129650507 0.411671171887 0.377007247407 0.358585858586 0.388838612368 0.377066115702 0.491655969191 0.377919320594 0.383596617201 0.413463306971 0.375808770669 0.374240772465 0.333803147757 0.409273840770 0.414469914040 0.429419245443 0.405816356658
 0.332181843305 0.349866666667 0.341753541834 0.245061398825 0.225998547567 0.309867452135 0.328284258211 0.381575323602 0.203539823009 0.381415929204 0.381454903616 0.347240559810 0.312859627994 0.264409122322 0.374314381271 0.370345920253 0.233952814024 0.311934156379 0.374784853701 0.327011721322 0.343134372243 0.235958309207 0.246663915257 0.360984377160 0.380529801325 0.314414795990 0 0.357941076871 0.257386363636 0.395989974937 0.319340128755 0.266533066132 0.371624345022 0.328316462440 0.358330562022 0.384381778742 0.217298165752 0.340309753035 0.392576730906 0.429771908764 0.378777589134 0.272740153018 0.383921748433 0.378870036733 0.375502905677 0.352738363612 0.324059139785 0.446266968326 0.370992366412 0.441922962078 0.398375594295 0.396577380952 0.415184678523 0.345357381430 0.394801800494 0.378850775617 0.419396903015 0.375417948375 0.411292445380 0.375568730181
 0.349163998577 0.355990387916 0.351453638397 0.337960582691 0.338152459632 0.317164880617 0.327166147646 0.365347061956 0.348402447315 0.406745588564 0.420471014493 0.355940846507 0.325661879218 0.329699785561 0.380952380952 0.416595817038 0.346983857264 0.341794465010 0.402659770964 0.361972547026 0.345249294450 0.359875526268 0.376857749469 0.377761938703 0.417193642112 0.386129673108 0.357941076871 0 0.358110582204 0.390028828218 0.369787160408 0.355547418528 0.033542471042 0.326285026646 0.389532478279 0.378518518519 0.328956461645 0.326654740608 0.387387387387 0.428641251222 0.407104413348 0.361263234757 0.404532019704 0.420286609942 0.381494122108 0.403964456596 0.356969906607 0.422701246211 0.384957941613 0.475720789074 0.421287128713 0.390336693932 0.394513389941 0.377859300820 0.410246821242 0.435006784261 0.411703672961 0.413174685291 0.421774466644 0.366595517609
 0.330995373825 0.349525725783 0.297694524496 0.274430671663 0.277570093458 0.290865766481 0.314792176039 0.316681534344 0.257605914131 0.370788667688 0.381306990881 0.308130428592 0.293837494588 0.281445138269 0.361895161290 0.358315488936 0.232290184922 0.280603193377 0.358856088561 0.314034340854 0.292395800191 0.232885276649 0.314812063586 0.344252531269 0.362505362505 0.318195672051 0.257386363636 0.358110582204 0 0.378027928185 0.343858632677 0.165684145206 0.358818418766 0.275852150151 0.346133238078 0.344929797192 0.239347103857 0.313572073428 0.383542752069 0.393073593074 0.387991186192 0.277075399848 0.386524239934 0.360603204524 0.364089374699 0.344728937205 0.323465389639 0.385438972163 0.350071443152 0.410522897044 0.396052349281 0.373314065511 0.382766272189 0.326691796805 0.378331765444 0.396971847646 0.389034857243 0.376207642394 0.403097470872 0.357982443089
 0.381883756416 0.357247828991 0.392952840300 0.369553595295 0.359755209092 0.353905211871 0.364242166454 0.359618837177 0.392928088995 0.407328352899 0.367790156536 0.393963463066 0.370439914163 0.366638912018 0.392350895961 0.358125992589 0.343939794032 0.356691398736 0.381274270099 0.371635883905 0.388594164456 0.369322304455 0.402481047553 0.397892693747 0.384013785790 0.414285714286 0.395989974937 0.390028828218 0.378027928185 0 0.376495898884 0.368134232038 0.415707651928 0.379706275033 0.332113753534 0.332511958255 0.342941413058 0.322792780187 0.254576659039 0.385542168675 0.371779559802 0.387041773231 0.367003367003 0.407634389774 0.364505527338 0.354017501989 0.337956106099 0.407146876759 0.381793739197 0.463444108761 0.428514615232 0.259402985075 0.315094339623 0.378650553877 0.358276313874 0.450920245399 0.338672768879 0.422484255661 0.384605228413 0.253797293565
 0.305390911657 0.287537333695 0.344268989926 0.344841647411 0.352949874316 0.334433113377 0.334822071748 0.382055602359 0.328257647217 0.335799350415 0.370481927711 0.351809498184 0.304182509506 0.316605582182 0.321243523316 0.325803415356 0.331410944206 0.349350467942 0.294212218650 0.294164989940 0.345106255612 0.324575645756 0.328061581526 0.314712935534 0.364470842333 0.371420348252 0.319340128755 0.369787160408 0.343858632677 0.376495898884 0 0.344374726397 0.379840196681 0.342915254237 0.344606019614 0.350913376547 0.306200491669 0.333664490491 0.382823871907 0.416035999182 0.345834773591 0.317506133641 0.357909472702 0.357904085258 0.339147580767 0.341831916903 0.299616228070 0.304310344828 0.350563544501 0.332828129736 0.348439073515 0.354030666464 0.391979075850 0.323694505868 0.373520710059 0.418267083519 0.369853917663 0.307546145494 0.401530406766 0.375932441942
 0.321740439627 0.327441321356 0.325966850829 0.273679615888 0.287180296811 0.285668739040 0.312374788103 0.321845969434 0.280247446411 0.335321277414 0.394325153374 0.317972350230 0.312481773112 0.284766214178 0.350675773870 0.351697353280 0.218283582090 0.296285245413 0.365567880019 0.327843024921 0.311257216164 0.228252320277 0.318311124420 0.351885369532 0.356122890524 0.304775065254 0.266533066132 0.355547418528 0.165684145206 0.368134232038 0.344374726397 0 0.360806663744 0.317048419832 0.333212931190 0.340100723953 0.257076159907 0.314008195477 0.342199408928 0.397872802257 0.402375649592 0.300711193568 0.353537030887 0.331167590292 0.343349033620 0.357029560202 0.317511318826 0.369339045288 0.349854227405 0.414075286416 0.383185649449 0.343948009748 0.356608011981 0.324082526931 0.345794392523 0.397708283600 0.362228551086 0.380529685681 0.419377956142 0.346367874868
 0.358930844294 0.364436259464 0.362461538462 0.356836296750 0.351339285714 0.333781061115 0.333986928105 0.377909437156 0.365092235962 0.401911335280 0.434848484848 0.363323898099 0.333470564018 0.337441563961 0.391071795927 0.423978972907 0.356247472705 0.338851634535 0.407341884122 0.356840620592 0.348717948718 0.370386547281 0.389801938475 0.388725283971 0.427062169850 0.401246507629 0.371624345022 0.033542471042 0.358818418766 0.415707651928 0.379840196681 0.360806663744 0 0.351013721073 0.410187007874 0.392087912088 0.342986239474 0.324889170361 0.403551074090 0.443531827515 0.426120358515 0.384367618639 0.417167977788 0.415546772069 0.406987295826 0.425959780622 0.374146845915 0.438128383604 0.394422310757 0.472198460222 0.413609467456 0.392954545455 0.397811147875 0.383279583230 0.417738359202 0.449890040842 0.413658536585 0.422682526661 0.429148163101 0.381848952824
 0.346612428111 0.352885652643 0.230217773570 0.321722694748 0.337736679877 0.199970242523 0.295750465016 0.290255123379 0.335246995995 0.397275008964 0.378239817716 0.209122432649 0.246185010128 0.285974244121 0.363980530016 0.360754414125 0.336978263769 0.216426193119 0.401766324019 0.318405315615 0.211815348078 0.324094442000 0.326658322904 0.348232993435 0.386859360364 0.382966561875 0.328316462440 0.326285026646 0.275852150151 0.379706275033 0.342915254237 0.317048419832 0.351013721073 0 0.342645573881 0.350087924971 0.289725934926 0.335920959774 0.372580179139 0.408593433320 0.380845556514 0.337446197991 0.386633739775 0.401349671462 0.382827825562 0.355725395548 0.341115786616 0.424277125680 0.362015503876 0.439053972104 0.405936622543 0.382689987937 0.405245787737 0.389962699220 0.386721625202 0.425333333333 0.395237307756 0.393108108108 0.385415277963 0.378344481605
 0.362129144852 0.357250882205 0.347855454238 0.381096535486 0.367414490622 0.345063900722 0.350651669345 0.372477383438 0.343213988343 0.379511562568 0.300866183489 0.366438926846 0.338424983028 0.317919075145 0.371322286101 0.253626813407 0.356620093147 0.339625909248 0.385735080058 0.331723563697 0.353760445682 0.339007605940 0.387705627706 0.351427070566 0.299212598425 0.385107517327 0.358330562022 0.389532478279 0.346133238078 0.332113753534 0.344606019614 0.333212931190 0.410187007874 0.342645573881 0 0.288356909684 0.330115176152 0.351578947368 0.338552915767 0.314974182444 0.297224523612 0.356254442075 0.327626010004 0.378390395731 0.297382587711 0.286887994634 0.306709809264 0.397222222222 0.351423704064 0.426024279211 0.417094017094 0.298091317365 0.355896126011 0.367286559594 0.312877816450 0.416666666667 0.332103321033 0.383513149022 0.308909242298 0.344336344684
 0.337733272645 0.351485873225 0.349059376837 0.328879753340 0.326243403166 0.310054962819 0.313939016801 0.374223837650 0.344652445218 0.399306224706 0.258139176053 0.345573294630 0.323798289590 0.330999847816 0.374191651969 0.296075581395 0.337683050602 0.318366731957 0.362000946820 0.339316734221 0.326037978758 0.348109310454 0.380599273608 0.365749886036 0.304741064916 0.377829457364 0.384381778742 0.378518518519 0.344929797192 0.332511958255 0.350913376547 0.340100723953 0.392087912088 0.350087924971 0.288356909684 0 0.333382483043 0.355208811381 0.317103816554 0.321545514080 0.314381270903 0.366599410213 0.250627405053 0.363323782235 0.297607341855 0.329058583503 0.300904641851 0.378104875805 0.311475409836 0.378906250000 0.384731833910 0.308746736292 0.327265903547 0.379014598540 0.276081424936 0.410256410256 0.281149589432 0.397205882353 0.284659913169 0.312139605463
 0.300564174894 0.305751492132 0.308821530515 0.138113309840 0.199055629335 0.280089820359 0.294422081656 0.338940285955 0.224919527897 0.334716708769 0.355120137300 0.301342281879 0.281581092095 0.247612359551 0.321981004071 0.323881198764 0.232016075017 0.292421287267 0.327113702624 0.266942922069 0.289792258257 0.237288135593 0.210408505876 0.297525309336 0.354032258065 0.267078071183 0.217298165752 0.328956461645 0.239347103857 0.342941413058 0.306200491669 0.257076159907 0.342986239474 0.289725934926 0.330115176152 0.333382483043 0 0.315879097488 0.345132743363 0.393803505911 0.360485268631 0.158638592443 0.363184079602 0.321537086685 0.344304565448 0.303234501348 0.279383692392 0.344055140724 0.318528663667 0.414356130622 0.336087044127 0.342061449977 0.368319944115 0.327080491132 0.342210386152 0.296989966555 0.371792749545 0.327759651985 0.362212104981 0.365344174961
 0.325417766051 0.351676333286 0.331775700935 0.322690025431 0.329086722947 0.298114383668 0.314054540006 0.347159339857 0.293854122918 0.359017308766 0.364448414471 0.326659199104 0.318671963678 0.313754211220 0.345423632757 0.362883994950 0.304833752445 0.321583986075 0.383763277693 0.340449281429 0.331571584020 0.322669523955 0.362656568599 0.358042777615 0.362373737374 0.362236507699 0.340309753035 0.326654740608 0.313572073428 0.322792780187 0.333664490491 0.314008195477 0.324889170361 0.335920959774 0.351578947368 0.355208811381 0.315879097488 0 0.334795100560 0.408028887001 0.384270066439 0.361597128757 0.371423953451 0.358898540011 0.354466403162 0.346261944913 0.334046498360 0.371200944231 0.337150894113 0.416955562559 0.395803033451 0.330396475771 0.364128473475 0.381423273883 0.362084870849 0.407073509015 0.377436605141 0.379305457123 0.383531053733 0.356036246711
 0.357872596154 0.363163221050 0.372153734590 0.349768652400 0.351776807980 0.348859467220 0.378075030750 0.356468295608 0.374070897656 0.377423689768 0.374028349337 0.390170511535 0.353966870096 0.346786248132 0.374474866000 0.334673366834 0.349935594676 0.334422819789 0.389188356692 0.357010412209 0.349173553719 0.373783359498 0.394505002240 0.382410034344 0.351774680270 0.401313779407 0.392576730906 0.387387387387 0.383542752069 0.254576659039 0.382823871907 0.342199408928 0.403551074090 0.372580179139 0.338552915767 0.317103816554 0.345132743363 0.334795100560 0 0.373499235975 0.369361075308 0.378286944487 0.356329427298 0.372871736663 0.341408268734 0.360707608227 0.311889132020 0.403775883069 0.328367346939 0.471607314726 0.431705743171 0.251694094869 0.310517529215 0.372274709302 0.345488839987 0.429893238434 0.339725545391 0.423244341265 0.373571428571 0.265044049574
 0.414273648649 0.407580056749 0.422154471545 0.419276128508 0.429048785921 0.412617030762 0.403626160155 0.418360930623 0.395190380762 0.446376036373 0.336322869955 0.425557564798 0.405344757242 0.363789829078 0.432851029142 0.334675795409 0.400000000000 0.409962484368 0.431260945709 0.353692614770 0.422018348624 0.378390106314 0.421041666667 0.399286613512 0.329236348982 0.459604641169 0.429771908764 0.428641251222 0.393073593074 0.385542168675 0.416035999182 0.397872802257 0.443531827515 0.408593433320 0.314974182444 0.321545514080 0.393803505911 0.408028887001 0.373499235975 0 0.347577639752 0.421197376772 0.342395125381 0.440031356154 0.346238451386 0.351356824625 0.304401228250 0.409238542043 0.382499268364 0.467634854772 0.446649410411 0.358289979643 0.397602652385 0.419667246089 0.352863436123 0.511876484561 0.345666991237 0.437767366062 0.364308553157 0.406565656566
 0.372130559541 0.371812543074 0.377371507416 0.404365011170 0.390492359932 0.371194824962 0.368354658497 0.442372580359 0.385585278582 0.411581983581 0.282742402315 0.423116263212 0.347629796840 0.345012513407 0.418975069252 0.307534947153 0.389087200408 0.380648591175 0.356638155448 0.375510204082 0.387601281327 0.356584821429 0.393869596031 0.405097130636 0.312061591104 0.448444283647 0.378777589134 0.407104413348 0.387991186192 0.371779559802 0.345834773591 0.402375649592 0.426120358515 0.380845556514 0.297224523612 0.314381270903 0.360485268631 0.384270066439 0.369361075308 0.347577639752 0 0.378066378066 0.305783509183 0.406502242152 0.312840759541 0.363152472527 0.316716053687 0.407216494845 0.353773584906 0.464646464646 0.419054616703 0.347513707695 0.390899241603 0.389357560026 0.316781780847 0.489355819740 0.319490818030 0.409301527373 0.337355540449 0.365271593945
 0.324147177119 0.333810888252 0.370721886684 0.238375430540 0.285223367698 0.307570478302 0.354220532319 0.357599168029 0.279277998863 0.348237968928 0.386531783180 0.334184035162 0.315455594002 0.284099360405 0.341810344828 0.365357244520 0.255919466894 0.326006785662 0.353322028673 0.295708823113 0.328013904250 0.261485749883 0.218482432831 0.325491363907 0.369171538571 0.282654921021 0.272740153018 0.361263234757 0.277075399848 0.387041773231 0.317506133641 0.300711193568 0.384367618639 0.337446197991 0.356254442075 0.366599410213 0.158638592443 0.361597128757 0.378286944487 0.421197376772 0.378066378066 0 0.392208217384 0.336702227213 0.379904306220 0.337517831669 0.310000000000 0.355389221557 0.345216144233 0.424184868629 0.367075232460 0.373440000000 0.379335523914 0.350392296719 0.370740856518 0.229767441860 0.396141143751 0.343785960875 0.390147225368 0.398843073272
 0.356410256410 0.342830597708 0.391675726044 0.360055607044 0.363484367163 0.356777929155 0.348024812276 0.417679028133 0.374540441176 0.388607338334 0.278526213277 0.378560490046 0.357988165680 0.352685751045 0.394047434506 0.267116978815 0.360771113831 0.367048346056 0.378619890783 0.352267521759 0.364020270270 0.375418060201 0.384701373363 0.393657911595 0.288704216682 0.375468317316 0.383921748433 0.404532019704 0.386524239934 0.367003367003 0.357909472702 0.353537030887 0.417167977788 0.386633739775 0.327626010004 0.250627405053 0.363184079602 0.371423953451 0.356329427298 0.342395125381 0.305783509183 0.392208217384 0 0.384460951616 0.304796286746 0.336408364084 0.310538641686 0.385248600593 0.318913043478 0.445677766566 0.408832233098 0.345988661742 0.402362204724 0.356788710908 0.285857572718 0.416982562547 0.282397003745 0.386190845617 0.277548525141 0.348670593854
 0.279536253220 0.347810671867 0.368045649073 0.328432240921 0.343314896052 0.355572845750 0.369089889740 0.398168498168 0.363221617828 0.302865261662 0.395985743763 0.371749824315 0.342673567732 0.345087235996 0.292756718277 0.378160112360 0.313212844359 0.352192104784 0.373239436620 0.300367582706 0.366562621927 0.329672447013 0.351573938507 0.310597726439 0.395098730606 0.355129650507 0.378870036733 0.420286609942 0.360603204524 0.407634389774 0.357904085258 0.331167590292 0.415546772069 0.401349671462 0.378390395731 0.363323782235 0.321537086685 0.358898540011 0.372871736663 0.440031356154 0.406502242152 0.336702227213 0.384460951616 0 0.395132568263 0.362867711820 0.321909205096 0.369688385269 0.331176611550 0.418706613080 0.309343434343 0.372265625000 0.388715432649 0.374945910861 0.366439651911 0.343076049943 0.389766266582 0.357954545455 0.415923009624 0.387799963363
 0.376058989645 0.354361605795 0.406813020439 0.361534975072 0.364338537387 0.380611905554 0.356166586268 0.416120985345 0.348469006721 0.388524915624 0.322611464968 0.413111809609 0.367046317388 0.344331508991 0.383239884831 0.296379413525 0.356918943126 0.393803253292 0.372469635628 0.350275748994 0.379698625600 0.342745226049 0.379171193543 0.377151799687 0.286057331532 0.411671171887 0.375502905677 0.381494122108 0.364089374699 0.364505527338 0.339147580767 0.343349033620 0.406987295826 0.382827825562 0.297382587711 0.297607341855 0.344304565448 0.354466403162 0.341408268734 0.346238451386 0.312840759541 0.379904306220 0.304796286746 0.395132568263 0 0.324722138780 0.307973776490 0.395269218799 0.326810176125 0.416002656042 0.411145239140 0.320925553320 0.352523507964 0.379042935502 0.324905598424 0.430195983547 0.328877494964 0.375132355166 0.335615418961 0.349117049539
