0.245295 0.358221 0.353448 0.340412 0.353297 0.353986 0.369791 0.358315 0.353942 0.254008 0.354577 0.335578 0.358052 0.358079 0.359154 0.364755 0.366482 0.304665 0.343397 0.365550 0.361189 0.369620 0.331199 0.360062 0.402727 0.365178 0.356629 0.368106 0.363062 0.397790 0.334054 0.358172 0.362856 0.358044 0.415267 0.349661 0.361231 0.361587
0.358221 0.335916 0.370971 0.363708 0.370798 0.371553 0.387187 0.354219 0.375930 0.360999 0.351212 0.360446 0.358665 0.375612 0.353796 0.383618 0.364095 0.368284 0.340196 0.362753 0.344841 0.368485 0.350471 0.399413 0.407273 0.360146 0.342631 0.351705 0.360137 0.387749 0.384626 0.346194 0.348647 0.356856 0.417163 0.376236 0.358246 0.357727
0.353448 0.370971 0.255804 0.321561 0.256683 0.257576 0.273750 0.361399 0.312661 0.355976 0.356295 0.321120 0.378591 0.263240 0.363522 0.361579 0.366391 0.369271 0.345934 0.366282 0.372807 0.365822 0.341790 0.377831 0.373523 0.368820 0.367139 0.379800 0.364038 0.405466 0.388600 0.373246 0.377150 0.355424 0.398281 0.360209 0.362340 0.363919
0.340412 0.363708 0.321561 0.283195 0.321466 0.322056 0.338129 0.357410 0.308924 0.342883 0.352997 0.296381 0.369759 0.326271 0.359040 0.347838 0.364048 0.357275 0.342054 0.363495 0.365873 0.365791 0.327834 0.360289 0.390819 0.364674 0.360559 0.372885 0.361119 0.399850 0.377123 0.365474 0.369565 0.354479 0.407154 0.344226 0.359350 0.360341
0.353297 0.370798 0.256683 0.321466 0.254756 0.256806 0.272726 0.361211 0.312627 0.355826 0.356104 0.321008 0.378426 0.263253 0.363336 0.361440 0.366195 0.369116 0.345745 0.366088 0.372633 0.365613 0.341644 0.377698 0.373208 0.368633 0.366963 0.379626 0.363844 0.405285 0.388444 0.373076 0.376979 0.355222 0.398023 0.360071 0.362147 0.363729
0.353986 0.371553 0.257576 0.322056 0.256806 0.254446 0.274310 0.361997 0.313136 0.356514 0.356896 0.321584 0.379164 0.264360 0.364117 0.362146 0.366995 0.369818 0.346532 0.366884 0.373390 0.366433 0.342345 0.378351 0.374192 0.369416 0.367724 0.380384 0.364639 0.406055 0.389153 0.373825 0.377730 0.356033 0.398925 0.360754 0.362941 0.364518
0.369791 0.387187 0.273750 0.338129 0.272726 0.274310 0.284556 0.377542 0.329420 0.372320 0.372425 0.337662 0.394843 0.279896 0.379674 0.377941 0.382499 0.385585 0.362074 0.382400 0.389015 0.381877 0.358130 0.394255 0.389019 0.384973 0.383340 0.396008 0.380158 0.421648 0.404904 0.389474 0.393373 0.371511 0.414040 0.376592 0.378462 0.380056
0.358315 0.354219 0.361399 0.357410 0.361211 0.361997 0.377542 0.330036 0.368701 0.361032 0.330885 0.354418 0.367317 0.366063 0.336072 0.376068 0.344079 0.370057 0.319159 0.342560 0.354896 0.349116 0.347163 0.395234 0.391028 0.342658 0.347985 0.361876 0.339911 0.382911 0.387406 0.358228 0.361502 0.337459 0.399569 0.371974 0.337955 0.337942
0.353942 0.375930 0.312661 0.308924 0.312627 0.313136 0.329420 0.368701 0.268750 0.356425 0.364088 0.311852 0.382410 0.317817 0.370468 0.362322 0.374859 0.370626 0.353315 0.374435 0.378001 0.375933 0.342138 0.375060 0.395750 0.376010 0.372586 0.385005 0.372096 0.411601 0.390379 0.377839 0.381877 0.364891 0.414593 0.359092 0.370348 0.371516
0.254008 0.360999 0.355976 0.342883 0.355826 0.356514 0.372320 0.361032 0.356425 0.245383 0.357288 0.338012 0.360889 0.360607 0.361880 0.367301 0.369186 0.307900 0.346110 0.368257 0.363959 0.372312 0.333864 0.361550 0.405368 0.367899 0.359394 0.370877 0.365770 0.400537 0.337223 0.360968 0.365645 0.360737 0.417930 0.352159 0.363940 0.364301
0.354577 0.351212 0.356295 0.352997 0.356104 0.356896 0.372425 0.330885 0.364088 0.357288 0.311642 0.350047 0.364128 0.360965 0.334609 0.371468 0.336332 0.366445 0.315504 0.333981 0.351931 0.341888 0.343338 0.391120 0.384420 0.337976 0.345052 0.358843 0.331006 0.380027 0.383858 0.355165 0.358454 0.330266 0.392671 0.367932 0.328922 0.329661
0.335578 0.360446 0.321120 0.296381 0.321008 0.321584 0.337662 0.354418 0.311852 0.338012 0.350047 0.255238 0.366307 0.325855 0.356011 0.345595 0.361151 0.352948 0.339076 0.360573 0.362643 0.362990 0.324541 0.353236 0.388644 0.361668 0.357359 0.369652 0.358191 0.396730 0.372990 0.362152 0.366263 0.351654 0.404662 0.340427 0.356418 0.357372
0.358052 0.358665 0.378591 0.369759 0.378426 0.379164 0.394843 0.367317 0.382410 0.360889 0.364128 0.366307 0.319352 0.383223 0.367231 0.390408 0.376732 0.365893 0.353029 0.375503 0.362869 0.380808 0.355645 0.403749 0.418046 0.373583 0.359334 0.369517 0.372923 0.402973 0.380971 0.355347 0.361352 0.369191 0.428654 0.381208 0.371048 0.370797
0.358079 0.375612 0.263240 0.326271 0.263253 0.264360 0.279896 0.366063 0.317817 0.360607 0.360965 0.325855 0.383223 0.259102 0.368182 0.366105 0.371068 0.373899 0.350599 0.370956 0.377450 0.370525 0.346382 0.382451 0.378472 0.373483 0.371785 0.384443 0.368710 0.410117 0.393227 0.377884 0.381789 0.360110 0.403106 0.364793 0.367012 0.368587
0.359154 0.353796 0.363522 0.359040 0.363336 0.364117 0.379674 0.336072 0.370468 0.361880 0.334609 0.356011 0.367231 0.368182 0.324614 0.377897 0.347782 0.370696 0.323091 0.346280 0.354375 0.352727 0.348279 0.396584 0.394190 0.345655 0.347396 0.361552 0.343634 0.382770 0.387938 0.357920 0.361165 0.341077 0.402935 0.373301 0.341686 0.341533
0.364755 0.383618 0.361579 0.347838 0.361440 0.362146 0.377941 0.376068 0.362322 0.367301 0.371468 0.345595 0.390408 0.366105 0.377897 0.308588 0.382396 0.380362 0.360627 0.381871 0.385646 0.384506 0.349037 0.390431 0.415014 0.383335 0.380185 0.392655 0.379517 0.419086 0.399706 0.385629 0.389625 0.372754 0.428640 0.367858 0.377756 0.378877
0.366482 0.364095 0.366391 0.364048 0.366195 0.366995 0.382499 0.344079 0.374859 0.369186 0.336332 0.361151 0.376732 0.371068 0.347782 0.382396 0.328720 0.378509 0.328363 0.342128 0.364878 0.348832 0.355109 0.402557 0.392237 0.351808 0.358068 0.371802 0.341742 0.393252 0.396003 0.367958 0.371280 0.337563 0.400029 0.379463 0.340793 0.344984
0.304665 0.368284 0.369271 0.357275 0.369116 0.369818 0.385585 0.370057 0.370626 0.307900 0.366445 0.352948 0.365893 0.373899 0.370696 0.380362 0.378509 0.285184 0.355273 0.377510 0.371489 0.381859 0.345515 0.382502 0.416015 0.376793 0.367136 0.378368 0.375001 0.408767 0.330964 0.367582 0.372479 0.370260 0.428065 0.366731 0.373159 0.373379
0.343397 0.340196 0.345934 0.342054 0.345745 0.346532 0.362074 0.319159 0.353315 0.346110 0.315504 0.339076 0.353029 0.350599 0.323091 0.360627 0.328363 0.355273 0.294511 0.326955 0.340935 0.333336 0.332007 0.379997 0.375357 0.328392 0.334089 0.347897 0.324343 0.369203 0.372697 0.344120 0.347424 0.321665 0.383851 0.356714 0.322389 0.322933
0.365550 0.362753 0.366282 0.363495 0.366088 0.366884 0.382400 0.342560 0.374435 0.368257 0.333981 0.360573 0.375503 0.370956 0.346280 0.381871 0.342128 0.377510 0.326955 0.320771 0.363509 0.350217 0.354232 0.401829 0.393193 0.350101 0.356671 0.370429 0.335309 0.391765 0.394970 0.366651 0.369960 0.338757 0.401213 0.378692 0.337005 0.342893
0.361189 0.344841 0.372807 0.365873 0.372633 0.373390 0.389015 0.354896 0.378001 0.363959 0.351931 0.362643 0.362869 0.377450 0.354375 0.385646 0.364878 0.371489 0.340935 0.363509 0.338936 0.369331 0.352892 0.401826 0.408418 0.360730 0.341059 0.353191 0.360887 0.387475 0.387984 0.351197 0.353787 0.357701 0.418171 0.378607 0.358987 0.358406
0.369620 0.368485 0.365822 0.365791 0.365613 0.366433 0.381877 0.349116 0.375933 0.372312 0.341888 0.362990 0.380808 0.370525 0.352727 0.384506 0.348832 0.381859 0.333336 0.350217 0.369331 0.325572 0.358145 0.405022 0.384246 0.356930 0.362590 0.376257 0.348417 0.398014 0.399463 0.372253 0.375610 0.335844 0.390272 0.382125 0.346957 0.350353
0.331199 0.350471 0.341790 0.327834 0.341644 0.342345 0.358130 0.347163 0.342138 0.333864 0.343338 0.324541 0.355645 0.346382 0.348279 0.349037 0.355109 0.345515 0.332007 0.354232 0.352892 0.358145 0.297435 0.364031 0.391055 0.354321 0.347874 0.359945 0.351761 0.388114 0.364632 0.351931 0.356142 0.346535 0.403695 0.337234 0.349936 0.350452
0.360062 0.399413 0.377831 0.360289 0.377698 0.378351 0.394255 0.395234 0.375060 0.361550 0.391120 0.353236 0.403749 0.382451 0.396584 0.390431 0.402557 0.382502 0.379997 0.401829 0.401826 0.405022 0.364031 0.251693 0.434771 0.402384 0.396751 0.408820 0.399401 0.436668 0.404287 0.400682 0.404943 0.393513 0.448883 0.376512 0.397604 0.398333
0.402727 0.407273 0.373523 0.390819 0.373208 0.374192 0.389019 0.391028 0.395750 0.405368 0.384420 0.388644 0.418046 0.378472 0.394190 0.415014 0.392237 0.416015 0.375357 0.393193 0.408418 0.384246 0.391055 0.434771 0.299579 0.398651 0.401995 0.415372 0.391266 0.438329 0.434102 0.410560 0.414096 0.379389 0.378818 0.413437 0.389754 0.392626
0.365178 0.360146 0.368820 0.364674 0.368633 0.369416 0.384973 0.342658 0.376010 0.367899 0.337976 0.361668 0.373583 0.373483 0.345655 0.383335 0.351808 0.376793 0.328392 0.350101 0.360730 0.356930 0.354321 0.402384 0.398651 0.337959 0.353702 0.367459 0.347383 0.388337 0.394060 0.364287 0.367499 0.345292 0.407259 0.379144 0.345434 0.343440
0.356629 0.342631 0.367139 0.360559 0.366963 0.367724 0.383340 0.347985 0.372586 0.359394 0.345052 0.357359 0.359334 0.371785 0.347396 0.380185 0.358068 0.367136 0.334089 0.356671 0.341059 0.362590 0.347874 0.396751 0.401995 0.353702 0.322412 0.349148 0.354042 0.377342 0.383754 0.348124 0.350844 0.350958 0.411609 0.373514 0.352133 0.351485
0.368106 0.351705 0.379800 0.372885 0.379626 0.380384 0.396008 0.361876 0.385005 0.370877 0.358843 0.369652 0.369517 0.384443 0.361552 0.392655 0.371802 0.378368 0.347897 0.370429 0.353191 0.376257 0.359945 0.408820 0.415372 0.367459 0.349148 0.339009 0.367805 0.394039 0.394819 0.357343 0.359365 0.364625 0.425115 0.385624 0.365910 0.365265
0.363062 0.360137 0.364038 0.361119 0.363844 0.364639 0.380158 0.339911 0.372096 0.365770 0.331006 0.358191 0.372923 0.368710 0.343634 0.379517 0.341742 0.375001 0.324343 0.335309 0.360887 0.348417 0.351761 0.399401 0.391266 0.347383 0.354042 0.367805 0.324015 0.389113 0.392451 0.364047 0.367352 0.336892 0.399352 0.376252 0.332771 0.340056
0.397790 0.387749 0.405466 0.399850 0.405285 0.406055 0.421648 0.382911 0.411601 0.400537 0.380027 0.396730 0.402973 0.410117 0.382770 0.419086 0.393252 0.408767 0.369203 0.391765 0.387475 0.398014 0.388114 0.436668 0.438329 0.388337 0.377342 0.394039 0.389113 0.335721 0.425664 0.392608 0.395527 0.386378 0.447560 0.413419 0.387185 0.386365
0.334054 0.384626 0.388600 0.377123 0.388444 0.389153 0.404904 0.387406 0.390379 0.337223 0.383858 0.372990 0.380971 0.393227 0.387938 0.399706 0.396003 0.330964 0.372697 0.394970 0.387984 0.399463 0.364632 0.404287 0.434102 0.394060 0.383754 0.394819 0.392451 0.425664 0.310634 0.383433 0.388469 0.387856 0.445917 0.386770 0.390604 0.390752
0.358172 0.346194 0.373246 0.365474 0.373076 0.373825 0.389474 0.358228 0.377839 0.360968 0.355165 0.362152 0.355347 0.377884 0.357920 0.385629 0.367958 0.367582 0.344120 0.366651 0.351197 0.372253 0.351931 0.400682 0.410560 0.364287 0.348124 0.357343 0.364047 0.392608 0.383433 0.331356 0.344880 0.360626 0.420679 0.377669 0.362161 0.361738
0.362856 0.348647 0.377150 0.369565 0.376979 0.377730 0.393373 0.361502 0.381877 0.365645 0.358454 0.366263 0.361352 0.381789 0.361165 0.389625 0.371280 0.372479 0.347424 0.369960 0.353787 0.375610 0.356142 0.404943 0.414096 0.367499 0.350844 0.359365 0.367352 0.395527 0.388469 0.344880 0.336035 0.363982 0.424131 0.381883 0.365464 0.365003
0.358044 0.356856 0.355424 0.354479 0.355222 0.356033 0.371511 0.337459 0.364891 0.360737 0.330266 0.351654 0.369191 0.360110 0.341077 0.372754 0.337563 0.370260 0.321665 0.338757 0.357701 0.335844 0.346535 0.393513 0.379389 0.345292 0.350958 0.364625 0.336892 0.386378 0.387856 0.360626 0.363982 0.311688 0.387437 0.370550 0.335393 0.338720
0.415267 0.417163 0.398281 0.407154 0.398023 0.398925 0.414040 0.399569 0.414593 0.417930 0.392671 0.404662 0.428654 0.403106 0.402935 0.428640 0.400029 0.428065 0.383851 0.401213 0.418171 0.390272 0.403695 0.448883 0.378818 0.407259 0.411609 0.425115 0.399352 0.447560 0.445917 0.420679 0.424131 0.387437 0.324019 0.426827 0.397871 0.400997
0.349661 0.376236 0.360209 0.344226 0.360071 0.360754 0.376592 0.371974 0.359092 0.352159 0.367932 0.340427 0.381208 0.364793 0.373301 0.367858 0.379463 0.366731 0.356714 0.378692 0.378607 0.382125 0.337234 0.376512 0.413437 0.379144 0.373514 0.385624 0.376252 0.413419 0.386770 0.377669 0.381883 0.370550 0.426827 0.307672 0.374445 0.375124
0.361231 0.358246 0.362340 0.359350 0.362147 0.362941 0.378462 0.337955 0.370348 0.363940 0.328922 0.356418 0.371048 0.367012 0.341686 0.377756 0.340793 0.373159 0.322389 0.337005 0.358987 0.346957 0.349936 0.397604 0.389754 0.345434 0.352133 0.365910 0.332771 0.387185 0.390604 0.362161 0.365464 0.335393 0.397871 0.374445 0.324376 0.338112
0.361587 0.357727 0.363919 0.360341 0.363729 0.364518 0.380056 0.337942 0.371516 0.364301 0.329661 0.357372 0.370797 0.368587 0.341533 0.378877 0.344984 0.373379 0.322933 0.342893 0.358406 0.350353 0.350452 0.398333 0.392626 0.343440 0.351485 0.365265 0.340056 0.386365 0.390752 0.361738 0.365003 0.338720 0.400997 0.375124 0.338112 0.322591
